              precision    recall  f1-score   support

           A       1.00      1.00      1.00       331
           B       0.95      0.95      0.95       432
           C       0.94      1.00      0.97       310
           D       0.89      0.93      0.91       245
           E       0.93      1.00      0.96       498
           F       0.99      0.92      0.95       247
           G       0.94      0.90      0.92       348
           H       0.97      0.95      0.96       436
           I       0.93      0.78      0.85       288
           K       0.93      0.85      0.89       331
           L       0.99      1.00      1.00       209
           M       0.88      0.77      0.82       394
           N       0.83      0.79      0.81       291
           O       0.99      0.99      0.99       246
           P       1.00      1.00      1.00       347
           Q       0.99      1.00      0.99       164
           R       0.64      0.99      0.78       144
           S       0.84      0.87      0.85       246
           T       0.91      0.91      0.91       248
           U       0.99      0.73      0.84       266
           V       0.98      0.84      0.90       346
           W       0.65      0.98      0.78       206
           X       0.87      1.00      0.93       267
           Y       0.93      0.89      0.91       332

    accuracy                           0.92      7172
   macro avg       0.91      0.92      0.91      7172
weighted avg       0.92      0.92      0.92      7172

