              precision    recall  f1-score   support

           A       1.00      1.00      1.00       331
           B       0.95      0.93      0.94       432
           C       1.00      1.00      1.00       310
           D       0.86      0.91      0.88       245
           E       0.91      1.00      0.95       498
           F       0.99      1.00      1.00       247
           G       0.99      0.94      0.96       348
           H       1.00      0.99      0.99       436
           I       0.92      0.80      0.85       288
           K       0.88      0.86      0.87       331
           L       0.95      1.00      0.97       209
           M       0.90      0.86      0.88       394
           N       0.83      0.70      0.76       291
           O       0.99      1.00      0.99       246
           P       0.99      1.00      1.00       347
           Q       1.00      1.00      1.00       164
           R       0.59      0.99      0.74       144
           S       0.83      0.80      0.81       246
           T       0.92      0.87      0.89       248
           U       1.00      0.65      0.79       266
           V       0.96      0.80      0.87       346
           W       0.59      0.95      0.72       206
           X       0.93      0.99      0.96       267
           Y       0.93      0.88      0.90       332

    accuracy                           0.91      7172
   macro avg       0.91      0.91      0.91      7172
weighted avg       0.92      0.91      0.91      7172

